00000000000011111111000000000000
00000000011122322222111000000000
00000001133332222233222110000000
00000013333322223323222231000000
00000133333322223323222233100000
00001333333332323333222233310000
00013333333333333332222223331000
00122333333331111112222223333100
00122333333111444411122223333100
01222333331144444444112222222310
01222333111444444444411122223310
01222333114444444444441122233310
12222231114444444444441112233331
12222221144444444444444112233331
12222221144444444444444112223331
12222221144444444444444112222231
12222222114444444444441122222221
01222222114444444444441122222210
01222222111444444444411122222210
01222222221144444444113332222210
00122222222111444411133332222100
00122222222221111113333222222100
00012222222222223333333222221000
00001222222222222233332222210000
00000122222222222233322222100000
00000012222222222233322221000000
00000001122222222223322110000000
00000000011122222222111000000000
00000000000011111111000000000000
