00000000000011111111000000000000
00000000011122322222111000000000
00000001133332222233222110000000
00000013333322223323222231000000
00000133333322223323222233100000
00001333333332323333222233310000
00013333333333333332222223331000
00122333333333333332222223333100
00122333333333333332222223333100
01222333333333333322222222222310
01222333333333333322222222223310
01222333333323333322222222233310
12222233333323323322222222233331
12222223332222222332222222233331
12222223333222222222222222223331
12222222222233322222222222222231
12222222222223332222222222222221
01222222222222333222222222222210
01222222222222333333333222222210
01222222222222333333333332222210
00122222222222333333333332222100
00122222222222223333333222222100
00012222222222223333333222221000
00001222222222222233332222210000
00000122222222222233322222100000
00000012222222222233322221000000
00000001122222222223322110000000
00000000011122222222111000000000
00000000000011111111000000000000
