000000004000000000000000000
000040004000000000000011110
000004004000000000001100032
000400400000000000110011102
000040001100000001001111102
000004011020000010111111022
004400011102000101111111022
000004002222201011111110212
000040000000220111111110212
000400000000222111111102112
000000000001012211111102120
000000000010111221111021120
000000000101111122110211120
000000001011111112202131200
000000010111111111021331200
000000101111111110213311200
000000101111111102133312000
000001011111111021333312220
000010111111110213333122312
000010111111102133331223312
000101111111021333312233112
000101111100213331222333120
000010000022331222233331200
000002222222222002333112000
000000000000000023311120000
000000000000000211111200000
000000000000002111112000000
000000011111122222222222200
000000103333333333333333120
000002111111111111111111112
000000222222222222222222220
